Radius = 5.0 Perimeter = 31.41592653589793 Area = 78.53981633974483
Radius = 0.55 Perimeter = 3.455751918948773 Area = 0.9503317777109126
