Radius = 34.0 Perimeter = 213.62830044410595 Area = 3631.681107549801
Wrong data format is used, so ignored for calculation
Radius = 0.44946015 Perimeter = 2.824041410642733 Area = 0.6346470380168472
Radius = 76.0 Perimeter = 477.5220833456485 Area = 18145.839167134644
Radius = 0.68189734 Perimeter = 4.284487347692843 Area = 1.4607902628277023
