Radius = 10.0 Perimeter = 62.83185307179586 Area = 314.1592653589793
Wrong data format is used, so ignored for calculation
Radius = 0.040757716 Perimeter = 0.2560882823253983 Area = 0.0052187867409732025
Radius = 17.0 Perimeter = 106.81415022205297 Area = 907.9202768874502
Radius = 0.6397624 Perimeter = 4.019745711765949 Area = 1.2858410819745458
